5,5,156~5,7,156
8,5,82~8,7,82
6,5,196~6,7,196
0,7,7~0,8,7
2,3,129~2,6,129
9,5,265~9,7,265
1,4,278~3,4,278
2,6,149~4,6,149
7,7,246~9,7,246
8,6,282~9,6,282
1,1,289~1,5,289
7,3,70~7,6,70
3,9,278~3,9,280
6,9,261~7,9,261
3,5,75~5,5,75
3,1,221~3,1,224
0,9,211~2,9,211
3,9,251~4,9,251
0,4,28~2,4,28
2,7,291~2,7,293
4,3,2~4,5,2
5,4,96~5,5,96
5,4,60~5,7,60
1,2,45~4,2,45
3,6,145~3,9,145
9,1,214~9,4,214
0,4,121~0,6,121
6,5,22~8,5,22
2,8,211~4,8,211
5,0,215~6,0,215
7,1,80~7,4,80
4,9,2~6,9,2
5,8,13~7,8,13
0,9,210~3,9,210
6,6,107~6,8,107
6,7,228~6,9,228
0,9,96~2,9,96
0,0,101~0,0,102
6,4,108~6,6,108
5,2,237~5,2,240
1,5,200~1,8,200
5,9,210~8,9,210
2,0,28~2,2,28
2,5,222~4,5,222
6,7,59~8,7,59
9,8,152~9,9,152
0,1,205~0,3,205
8,7,49~9,7,49
4,1,44~4,1,47
0,5,65~0,7,65
2,2,303~2,3,303
6,6,21~6,9,21
4,4,99~4,7,99
1,0,155~4,0,155
7,5,15~9,5,15
4,5,232~4,7,232
1,9,213~1,9,215
1,3,105~1,5,105
4,6,197~4,7,197
0,6,235~0,7,235
8,4,303~8,6,303
3,7,62~5,7,62
4,2,279~7,2,279
4,0,45~6,0,45
8,7,195~8,9,195
1,7,88~5,7,88
1,0,246~4,0,246
5,6,115~5,6,118
3,3,25~3,5,25
1,7,261~4,7,261
7,3,206~8,3,206
4,1,49~6,1,49
7,1,179~9,1,179
6,1,264~8,1,264
1,8,205~4,8,205
4,5,283~5,5,283
3,3,208~3,5,208
4,1,101~4,1,102
2,2,272~2,2,274
4,7,43~4,9,43
5,7,188~5,9,188
6,8,290~6,9,290
3,6,111~6,6,111
3,4,230~5,4,230
5,7,154~7,7,154
8,5,83~9,5,83
4,2,283~6,2,283
7,3,276~7,6,276
6,0,270~8,0,270
7,7,77~9,7,77
2,0,256~2,0,258
3,3,305~3,5,305
9,7,87~9,9,87
1,9,219~1,9,221
3,3,123~3,6,123
2,2,194~2,2,195
7,5,64~7,5,67
1,8,89~1,9,89
1,0,291~1,2,291
0,9,166~1,9,166
